29394
42199
22186
42606
19674
28286
61433
34650
83576
86557
50982
6815
97711
55493
8246
17775
4268
31967
72960
30219
60973
16605
3337
28
93921
88623
6381
43858
94841
11322
6013
52122
57566
79875
80209
23013
69631
14955
44052
37746
68938
2877
1003
32991
62311
50942
9828
28948
66226
29742
79378
22298
47991
90962
87592
82288
7323
33227
83664
6561
28968
13627
1350
16777
39256
80443
6413
13878
75310
7415
45376
63571
70254
38797
78694
12211
15049
7204
13111
29623
2784
84794
58488
86526
57463
42057
78842
38659
49386
68407
63699
67768
5305
36741
89121
22882
46217
36855
64398
3424
18176
2924
60935
1036
1359
85291
40003
80332
19650
15141
38901
52163
66280
67093
37709
48477
10270
76412
74119
19549
28438
9803
72449
14595
47306
42675
84407
93866
9536
67161
34663
1507
86361
38981
13315
66019
20211
26643
74129
48481
5274
59145
27533
51746
67909
23522
20257
74333
25851
57733
84760
28819
14668
36742
48223
95290
41455
25269
76074
77064
52315
9990
67822
8627
90643
69295
74970
39529
18280
75341
17429
39801
26646
15103
45720
18675
11951
90785
45714
11724
64397
54233
59755
28309
28549
52410
28519
23899
31399
70034
4766
70279
81368
57023
56668
13322
79980
2549
67126
21420
49694
75342
36813
74182
54382
75277
92710
60572
65116
12392
85185
58577
65372
86333
1085
83395
14316
44994
89356
94669
65723
51437
1863
28878
16964
93595
3152
64109
59479
88087
70754
51872
1736
19116
20120
77965
10312
63758
52861
35849
34061
70496
45624
84697
30465
21775
8078
87259
6327
47827
76217
93398
5355
23898
47834
71461
5138
66858
38128
32585
36886
54035
49972
69285
15649
21078
7224
32045
30622
16651
43521
31304
22073
68410
78531
45221
63357
15678
10689
94190
62008
22913
62882
62310
21117
76645
17217
46701
50200
81506
81538
59787
77462
83151
23744
52504
14152
65391
29455
609
59318
46823
37193
15140
15019
86500
74473
20499
310
46965
22494
62454
28777
54827
14088
90940
7899
81844
22468
60373
54824
71158
36798
65644
93383
41003
42119
71141
89967
91725
63125
35715
84493
38619
56098
77312
84324
2074
34823
76366
18263
18378
45955
88495
18986
69940
77363
84896
80002
2407
16795
49293
13447
87148
59922
99676
70041
88756
18215
43658
24685
63328
50548
8401
25642
48806
52825
13971
24877
24188
70912
78102
63009
80717
94861
4579
49914
39667
70223
73897
99434
11248
56782
9022
91171
97873
17279
69088
12663
93997
45014
82706
83574
18482
67929
1489
30233
70602
20493
92333
87934
71485
51332
57227
95523
56913
3907
30273
7656
15635
61044
45346
75281
81799
45667
84969
52713
4987
29980
44514
93568
32714
50811
47216
90116
44573
20617
61366
36973
64320
81654
87150
96790
28579
55621
66355
78666
25203
93699
34982
16697
19027
2113
43779
63554
87806
66377
49099
22549
74721
10524
37401
76416
85049
99292
16176
93276
19946
3858
9039
8100
32015
10524
92721
6241
25136
7394
74894
59557
84643
69698
57244
48506
46684
21930
77464
77044
99682
11504
76841
1508
53286
84859
1423
53222
8690
33522
56557
51372
8786
19821
76552
95223
19894
42454
1055
28582
3496
54615
11316
94589
63166
57685
90224
91635
67370
82892
42375
27072
29522
34339
90404
92689
73700
40015
11547
92320
28495
84420
11688
59721
67886
30032
98609
35409
91621
58123
2970
10447
66091
89942
18735
31456
52251
43452
2957
19692
63818
76262
39744
46130
28615
81735
31415
75131
21868
42393
46977
35137
71352
17064
71067
69844
44008
68766
78171
99190
35188
62032
63394
12185
10909
31763
40073
60950
78524
93468
37792
7131
15050
91376
24438
1990
51815
4843
16353
21936
94886
72369
62804
69268
88280
14636
48821
8829
52964
20392
14773
7501
37525
39080
82017
99546
44662
79648
9862
36599
99361
18554
6322
52795
2333
90848
34763
23815
84420
35969
7358
36288
86529
56802
92943
21101
89063
80603
35710
87389
82777
57477
20353
5153
68582
13666
6157
19796
37249
96480
86001
72814
26991
95651
97446
84930
78278
42013
36198
28752
88046
36353
88659
2194
55680
99100
6214
29369
76523
55729
91665
28723
33440
58862
99395
62322
33216
2301
82084
42477
72460
6866
27813
75099
36829
82076
58768
68157
43519
77877
52835
59727
48784
3332
82219
67371
84470
2199
70723
53048
91844
22380
26016
56491
7489
88027
53812
30337
70489
94150
84159
84539
19958
82580
28639
71652
26203
89244
94696
55990
85921
33489
5938
96007
2708
31644
42416
59559
49964
83116
20360
79346
24636
27439
75821
8196
95727
63163
77939
72297
5896
34329
76959
92953
33238
15696
31770
75135
37038
64039
53435
83602
86965
63369
91552
33713
45844
22197
51677
56735
56478
40517
11217
37584
18252
19796
55421
27177
43813
41322
48951
58008
8578
53219
96166
56756
17244
14
31133
92549
78812
10492
99263
47269
26664
91400
31023
15565
14782
52711
50043
77199
5397
27081
6313
2572
88704
43214
72502
51077
14011
27600
49297
13367
90921
2076
54888
39543
3566
12570
88158
14096
11038
97692
91559
31777
39646
35120
31391
51051
97582
15973
86603
16676
69382
18866
45696
58768
6864
79179
57680
57043
42529
33566
95230
29619
19910
90945
26336
86993
49425
86974
37906
8261
35796
63677
72694
72401
50717
33890
71709
44858
63416
15268
67079
33087
60981
62484
70706
85098
49045
9944
78739
68347
75236
33145
48990
34217
27363
13991
17884
11448
85348
67458
83285
57150
61035
17319
68101
52328
79796
73596
35022
26706
37412
42429
66289
10326
16750
2926
68024
46113
75317
35194
95311
13476
30539
55258
161
69997
56573
12410
6843
15963
78226
48470
80173
60006
74606
31522
16981
11191
48596
77694
40454
91789
84376
31447
63480
47842
78853
77693
50086
57916
60846
86900
77165
98160
18056
28462
32893
34976
75500
99612
2940
11773
28089
61868
13945
5799
91939
33518
92104
95255
28446
77915
19796
25993
71163
26962
4616
3391
77755
38710
73290
87620
88051
80530
34200
15441
73634
30685
86572
53275
26070
8336
31109
86262
64531
27212
4012
91611
20855
84971
52592
51362
13751
64505
28580
90978
9919
19929
35159
5490
16932
14035
75166
45644
14452
84192
22400
48339
78695
61118
97756
61288
5305
24742
76129
3438
66720
98797
33783
11911
37893
85435
45785
36501
15599
27375
92320
83210
67439
27311
45324
63175
66364
48521
3040
35395
33729
8573
20314
18870
42103
88433
45570
87558
68075
85205
20054
43388
86199
14406
55055
95813
27513
78314
94510
53298
30467
27503
68065
49212
5433
86546
54571
31196
21768
43247
56631
67072
94744
58337
66106
46343
55688
31731
40259
72504
58292
95087
69656
27276
9155
95823
31876
48124
13116
36983
31872
38503
36309
80788
13182
9718
30101
504
55718
96721
54295
56375
66612
98938
74619
97989
97229
1356
97370
86445
13128
10281
88088
49879
64108
43995
40573
15675
35052
46695
24804
16524
14137
49063
12227
9569
22812
16977
61259
51683
70998
7861
47277
60756
90475
43114
18210
76582
7402
30622
40279
42556
33719
94988
29996
41667
57761
13565
96769
92321
63133
58972
9015
14475
94475
87609
52819
77971
24298
50858
19403
8163
4708
56810
95432
86274
37507
33641
30868
26168
66539
20478
57373
81438
57154
75335
56000
442
31
12226
99133
8273
74646
38042
18015
83224
82947
29327
57841
17434
98787
91536
98777
27191
87087
59813
66743
67103
58262
54083
3597
97626
68286
9369
36443
35363
94477
34664
17588
51775
10783
87947
63211
88588
68462
44172
19480
93646
25935
56954
56300
46864
23935
16196
19392
46121
41101
81782
35039
14489
29301
42045
33261
22008
11292
57381
78086
73240
51334
21590
53525
28775
58189
65498
35115
96530
64422
27564
74006
80643
952
43483
88276
1052
95360
78957
66799
5474
35009
8666
9897
41538
51164
5275
84807
55932
52937
55236
26589
25085
70240
16879
62181
58049
6397
64002
49277
6841
28096
90036
48665
23487
99600
17953
77513
99041
49623
59028
60747
54611
35651
71057
41207
34393
98605
1892
85926
68897
27755
81279
84058
23476
4998
61092
14123
6894
4967
28550
29725
38145
74029
89378
53986
71226
98965
29518
16807
13346
15065
670
37175
99433
63684
76955
72514
69974
92289
72823
24194
33670
61151
36762
34668
63479
70830
71267
83017
15020
4052
81962
52881
66874
6042
93597
13160
62339
17710
85010
19553
76042
35128
10757
42664
6895
56388
35843
4494
74418
67069
9919
83080
78786
73980
96457
54563
96846
40414
80142
36014
12947
49254
82776
8663
30249
33244
46968
96175
62980
17386
92570
70893
7840
99471
36718
27030
31898
88867
16724
54453
29311
1954
17345
48242
1767
53557
91572
54005
57871
55111
62070
72746
69029
33711
57865
35277
28940
29833
65659
15450
17709
98458
46471
92791
18300
43321
28570
29733
17761
60008
83697
50664
28924
74376
63082
24250
98240
66320
27843
58102
50735
92972
29647
86467
48536
73153
81752
45695
93341
98118
67701
85525
92280
72415
93687
5010
79431
35761
89401
38051
82608
56095
92819
66094
10307
79224
13602
7596
3498
57092
17032
3016
4104
21529
15203
40012
37716
65271
85346
34569
53647
67749
27355
8561
75955
49825
25771
2397
74074
45394
22627
31270
49562
17071
11905
26780
11868
34990
47448
91378
96372
55490
31483
74754
73301
11573
10824
30279
85976
35785
63724
25264
61135
6173
2819
17535
67080
56363
2445
38900
56576
87951
84746
66262
80527
3155
55774
68836
75730
62670
42959
89481
57851
39658
57355
89407
32686
54088
78249
86949
9377
7503
92889
24370
65551
98139
679
74732
58615
89350
92304
2802
92583
22424
26069
32398
11218
56888
25073
80143
75619
45485
47
19114
86826
56473
41643
8509
35246
27806
32457
69549
13084
29549
34888
8294
78088
35377
71074
50751
93191
89427
62587
33424
7313
64925
14816
9903
76358
51128
69541
2183
83581
28754
14735
97558
71572
20678
47263
48422
58572
10689
91788
45355
59460
46804
7662
69158
73500
10702
5832
95173
26426
47094
47007
97526
48344
28657
85929
54625
30079
14766
26407
26723
4104
20755
10501
21989
14208
97353
73471
28127
8938
73535
2207
58485
35409
39217
84094
58093
20931
90363
15344
53467
40756
66270
51088
71162
23192
16188
17507
71182
86304
23708
44739
98373
85269
59559
8326
10225
73831
58447
22218
76075
18199
71936
29742
14497
81277
9056
53606
32911
7860
63428
66889
89138
46028
57761
10251
41660
57483
29392
30301
42103
68566
47319
48898
33006
9
30036
77676
90941
70365
67369
89072
89102
33558
4160
56961
60879
65478
34241
91871
88387
81315
28402
66700
86362
31666
2913
85077
12145
75962
27715
17168
12292
21148
40920
91133
17593
19196
81582
34809
60319
81712
27165
63577
50998
74444
6416
4640
83927
9488
19681
3152
15917
19781
4377
59736
20983
34496
56567
94217
44570
16067
93174
80062
5040
49351
98387
84189
18904
16455
64682
65353
15700
89943
27451
90891
88903
87925
13999
44156
21413
45476
18363
62665
45885
26362
54119
93366
3244
2636
50952
35358
43305
82575
21299
31419
45872
28795
67540
26642
2005
16443
29408
62892
89147
36843
81603
31877
72658
75069
45293
60361
24014
91860
43319
78359
79792
76730
13560
12198
36797
76213
52572
81907
77478
54301
27561
21447
95663
97851
43285
80568
59662
98251
57362
14747
54857
56746
2870
38322
21227
92795
98229
74732
78020
58649
66819
56522
18318
66398
67497
95242
12617
52965
65070
70926
5604
72656
59878
1042
26942
62541
62628
54811
6257
93379
91500
63801
67036
67424
23512
15816
86399
75856
96453
8020
43102
21279
22323
94056
33312
76531
70851
16341
95573
25459
13394
74312
68172
94636
86751
29090
92432
19968
89286
53460
50472
89671
65545
97240
66700
24482
59177
8012
83253
77052
52452
47307
27980
55540
30813
61861
16745
47939
36993
61093
99925
21436
88363
61657
28483
56575
44331
77525
82271
41581
37460
78627
35600
74213
83854
45136
58037
73823
41901
12120
44504
34803
201
26201
89341
60259
79470
40138
12422
93414
41815
77222
67625
52056
54939
86401
62396
62246
7029
63336
13098
56110
44224
5547
42647
82511
96678
89104
22601
95918
93135
52043
28203
99943
83934
42888
81420
16240
44759
43911
33470
40076
55913
56206
66605
59353
98346
334
54307
63840
88581
97738
49438
19156
98519
39640
90480
45126
17778
92097
20169
57257
4232
85376
47262
45610
38796
66153
38354
55716
90552
75522
73922
97087
73363
15389
27371
10250
65301
90086
19075
64706
76378
85603
6557
70486
46487
46730
41402
21065
99846
48239
43901
40973
48313
10573
47244
40535
88819
86267
15926
14758
10068
16812
13569
406
58898
98970
66677
67034
31048
59375
68795
44351
32041
37872
57439
880
67197
88055
21955
9156
80692
20631
89944
89233
85239
57127
28768
79416
35391
85918
21398
32151
57448
55110
44902
76874
8015
58441
11294
55590
90779
47303
73523
81119
90063
14959
50890
21563
29331
41747
44924
24784
66119
49140
40261
46696
82633
37603
27844
24651
94647
88555
2662
36704
56071
62902
1589
49443
16454
86072
73578
42744
60391
82981
39736
54843
76230
99280
74290
60603
49405
94550
95341
1146
16112
44357
46667
61946
58022
16213
54148
99728
21912
42411
82143
86043
60753
84384
27302
46441
41103
61263
88619
3089
43554
19119
97602
75865
68814
81347
91529
78298
80075
82456
14725
15718
83076
97480
36010
23455
7436
72161
56133
22004
40816
62904
35977
89322
4907
14432
56407
10034
65872
46808
45843
79995
94557
4478
90169
24557
22240
79658
63535
7206
84955
63240
25722
27810
76037
70048
7224
65817
31238
50898
43317
58968
75414
20708
3859
68683
47925
68229
85382
27033
14599
42300
512
38758
92612
1517
80937
89205
65696
21210
94428
84296
34747
63127
56359
68579
49228
27534
95025
99224
70155
6103
84949
64167
53668
34948
92588
73158
14851
92101
50652
16946
8724
31679
74957
66721
68912
6175
36816
79039
81760
15175
34574
14377
34905
57426
45145
79896
69360
6714
76528
42917
85314
14295
80808
38925
53815
95966
49499
29432
24131
86819
46983
8982
39884
82627
14942
44522
17361
84474
37089
47129
63882
49992
73793
33674
8286
68210
45286
20083
40375
43952
46289
50951
29076
92182
20190
41926
88680
9959
20696
57271
71620
93928
98444
23526
78863
71561
50773
83103
10976
38907
16106
77067
89455
70137
18118
8985
23372
58864
73799
82681
85349
43643
3853
40179
16157
98908
2485
11089
9729
99227
75768
94813
20189
47330
586
64653
95420
91067
45175
97049
13247
88280
33130
95348
23697
58942
69483
97314
75595
83047
63836
37630
37469
35068
40845
23286
30752
34288
55971
46483
53190
6858
49188
38842
65655
39039
16397
6952
87668
45452
9039
16451
85010
59561
58197
4393
44699
28606
24054
21631
51346
39415
15861
48256
97028
42992
26236
20910
61417
27285
54192
42422
96922
26898
8926
41570
29592
25683
56042
81895
56164
57862
28438
66641
39477
91475
30486
40639
36942
52574
23344
94161
94232
15226
18744
58100
42948
909
53724
26092
42132
48395
12833
66176
34225
73050
20979
3667
70613
19633
23859
5501
26052
57175
73670
95265
10893
50590
49167
75203
31867
79367
8866
27145
72637
64238
24881
33293
56503
52745
74667
86678
28597
73768
55988
93712
36933
86032
93214
81153
81036
62998
22547
20471
786
88357
65092
73587
80663
87674
42680
39269
36701
14240
67938
25689
54421
45752
52543
98285
8316
86529
79508
27787
97401
91743
60210
88659
19551
12416
51668
26057
79670
67361
47573
78512
88206
95067
79527
98871
80078
51593
1127
35162
71449
73633
66187
76567
67707
96904
20639
62768
73599
73483
37936
64028
13693
79483
28124
5852
43311
1909
77982
25550
20848
32564
23687
66733
24729
35323
18648
70464
99013
34912
61060
19736
46250
2652
58857
59157
49664
44749
69749
85234
81432
22443
70307
78283
96032
17647
89443
6270
93715
59505
49680
3593
81620
56743
24427
79593
99090
40400
31410
63458
20517
80164
17751
28414
3597
58674
22221
1016
29588
48626
98798
39011
1548
77274
55814
71557
91472
67358
53225
39884
43948
84056
85953
88168
45426
59527
3777
97482
74263
43285
98388
66648
33688
32947
58909
21486
39367
58213
50236
16597
62597
84123
5291
23802
99900
50631
80628
16525
65397
57221
92341
2902
92949
59380
20147
5911
69441
1576
89238
60493
86996
36811
19103
10056
41590
17647
60939
17281
51489
35620
67689
9443
86944
46634
59289
21504
10895
24928
6986
57000
23086
70805
19261
55659
65784
44730
89770
24573
38160
7277
75308
11516
85808
38605
76987
5754
59634
66526
9994
87726
50129
1511
84930
60013
98596
97052
46951
38292
9689
69106
78007
54398
55431
19815
96560
23779
22013
80939
70888
54021
17765
98658
61485
92338
74066
38483
84503
72332
28299
51869
51944
33945
60115
20929
80860
19017
77122
64652
94080
3279
85996
43238
514
32418
41931
82335
48463
17492
4122
3890
71343
6488
52759
71844
75296
47095
91657
70171
10239
74728
28962
58477
1583
52667
16945
24078
79331
12615
64893
72674
15850
92421
60504
45258
48304
66011
20982
63174
35822
35915
43349
23391
45585
87346
70392
64362
97831
18518
71838
19615
27048
20746
10780
6123
94863
86177
27263
32244
91522
26028
96616
24455
53732
16574
76377
29551
33658
36865
92150
65752
60612
19850
34708
24691
45132
60513
13048
87094
22246
5335
90426
2173
22240
30964
34087
46544
19606
97967
90877
22080
13763
29985
65268
26005
71692
73272
3502
31269
63863
56686
55839
32626
62877
26167
89883
46588
96215
18536
84114
20750
1507
88575
23496
75681
83260
8170
27168
18698
86196
82627
87642
95782
79579
55531
95280
61128
18914
78880
23210
30690
95804
18861
86349
86139
54115
7527
78328
13070
15177
4121
15011
86009
86924
90613
2960
81144
48712
82605
35313
89555
25477
43850
83704
63897
51337
8873
93568
44238
50991
66697
93482
42034
57660
74003
7692
17159
84634
31593
21858
79015
96713
19221
9044
2585
71293
34851
73860
6128
62024
5754
4506
21784
48842
4374
27216
44467
67955
25516
21296
74553
51187
67459
9155
38227
94737
78203
51925
34311
49056
85106
15129
65771
2152
18623
97908
13794
32732
40359
98665
3221
41855
68207
11060
23687
1341
66185
28397
75950
30075
56642
92006
98158
62993
5576
8423
84187
24302
82699
18592
14893
38893
22130
44679
90256
65839
37736
78403
15348
54295
81056
80451
2353
42394
10972
19464
51978
93245
72692
86440
17110
2131
87415
73736
2850
96791
79350
38737
31481
56969
96279
5022
96521
22337
17712
26980
54949
65337
75322
71244
2208
70
9224
42955
78534
64272
16692
55315
415
99720
50438
49206
34961
71860
19388
17173
53192
84822
81481
25880
87781
71612
42781
59025
6416
17683
76299
50047
3619
17361
5141
99036
67301
2739
29034
87898
42978
86485
83052
22841
75376
84485
13762
28864
71146
38896
17446
82145
88580
7384
15671
23628
29908
53025
28875
40656
63969
51446
81417
18133
32865
78388
48162
87062
94302
40560
61901
13430
98894
67543
11560
6569
44378
65366
7433
26432
7619
76908
83998
14998
89439
30796
4368
49090
8411
76609
28955
68646
37433
98130
74615
12870
13539
18487
43396
53539
86015
35963
57390
53591
94710
47700
13859
75949
76381
8634
14877
75435
49185
89729
95252
34579
85035
98683
85558
21460
98194
20528
56758
76222
46896
32682
45873
55041
21032
87307
38553
19937
4910
85352
75445
63283
81733
92242
32035
60605
72461
68456
69614
59322
28652
50818
4786
69242
63368
72146
95409
88749
14755
29291
7591
19802
90587
93375
27756
11389
30288
8225
16263
48356
56191
67958
12236
65859
99138
86706
1644
79759
63932
9382
63950
29124
79652
17772
10096
25706
44582
95706
25957
21609
13484
25107
25329
64203
59789
33010
44478
79858
15906
45847
296
86353
36004
20681
73787
81602
24097
51676
82552
69498
53575
1738
8278
5941
31658
93617
53723
28602
53204
36828
47016
93056
32934
77848
42980
86011
69496
95509
17635
68087
83880
36054
7777
99988
57583
76509
25220
77101
82809
46263
5201
63221
18749
64919
18592
51400
14760
88821
15283
22198
28627
83056
28748
2356
27408
9646
84176
5681
63419
30444
88629
43871
90327
93466
35945
65196
78432
2819
58917
85174
91546
55305
80684
46204
4413
57234
66735
10083
10443
76742
29729
63054
51817
81327
2936
83726
85280
38283
30833
96294
4579
49792
4512
61879
38125
32866
56752
83111
95714
93497
34238
91962
3469
32312
72131
62372
59583
66477
83522
67815
51502
83445
44095
4284
28479
44862
32092
74410
77010
43203
98420
21244
15791
29272
19505
48603
66827
97244
34936
63392
38281
38681
28815
99508
93020
65497
92800
55197
70099
84407
67047
8639
47969
67686
36100
28474
72525
59904
98703
58913
1375
21421
7141
71177
21701
24877
72752
65121
14861
83694
31896
88594
97909
77677
55431
52082
95199
9441
25266
75534
61218
94075
75187
10123
67448
48659
50817
23491
13112
4615
62170
11214
19711
21852
12037
80870
15729
89586
66926
44526
54202
35444
87368
1166
88418
81112
933
69847
51123
1350
70547
47802
61946
87720
58230
47772
66677
48454
65393
65914
93571
78504
68711
55787
65604
95828
49894
81792
19562
55082
93796
33062
2905
46670
66227
20857
52899
97473
91008
14638
44701
59105
30489
75434
82463
81977
74834
77313
28034
20002
54735
28869
1359
99617
84800
38145
31498
48205
8131
39946
67825
21146
7464
82472
10608
96445
69550
28570
58115
55908
7198
54904
3230
90038
51933
21303
36655
16432
83248
84332
22026
30950
50378
22079
52841
7562
58995
81230
5793
80105
86845
454
84784
22126
52284
47275
43320
27420
79688
80043
37800
5326
52878
29102
55074
34226
92003
16024
5142
52420
93340
99105
68705
9010
65168
64527
24529
41713
98595
18335
89360
46430
18993
90310
46546
63323
10655
21926
30255
33204
4970
20320
10934
58460
69665
32140
93797
93502
418
33727
89494
98514
10081
45367
68954
78672
37843
9506
13988
6241
9199
60371
30236
89657
1620
73151
8413
83661
2796
30693
92759
82222
43435
69479
4684
30602
32988
30940
51742
50632
99587
35715
28784
73442
98649
41082
31956
84429
83704
72092
46570
19375
60201
98985
48107
96596
73418
30100
43101
12600
26079
8169
9172
99562
70507
49366
71126
62072
25688
37829
44492
18390
90943
94925
24130
5341
94042
97705
36831
67527
55923
86789
16688
34730
61277
50262
62510
51738
60655
99720
20669
11015
64060
49695
29683
92464
81080
92515
6639
60648
36097
97466
35704
73105
78112
37634
2288
49068
80
79185
17640
20736
89341
62953
13144
30931
28203
50249
22986
73019
30514
81927
52317
55122
66230
83780
66557
19001
95015
67265
90818
1074
13372
77768
57588
39712
73299
36920
48688
40373
47315
14290
13970
91676
33574
22753
94906
6584
280
12435
1237
40483
13326
8421
7502
182
60056
23382
68627
22121
90554
41944
38066
21464
68857
80237
83651
82
55133
84722
84964
18698
25465
4387
53610
69323
66931
69130
67583
87494
9090
94888
51208
72535
75158
67626
67766
62523
2240
50309
79858
90786
61621
90065
51228
66625
19140
98913
10877
31936
40302
12384
1581
71719
30052
73704
46154
75926
81800
13699
92653
88436
56096
83484
94139
6306
60476
82269
37591
36517
51704
88671
25082
33165
20558
50361
4268
35844
20647
28987
93975
2293
88924
61906
77704
27708
28142
64060
28762
92268
10322
78949
91585
43861
56348
91078
18436
15517
75510
71353
25254
80081
86092
18883
1785
57234
11410
87048
1890
76150
27751
64765
1604
60613
74359
3684
61708
99358
49956
58573
67643
62079
64050
5658
55250
91918
73718
224
23413
17100
41307
1987
89798
68347
73742
33305
93963
90783
18793
90635
93577
19220
92532
51537
324
64397
66294
58137
36166
99704
80005
94803
89987
40784
87848
96420
62134
33115
45159
66519
86984
12958
24618
34943
83081
60918
35560
58343
5863
77333
25297
44232
55666
57008
15066
33140
52610
97671
20474
26591
32786
8280
94451
86193
49000
625
9100
73407
92624
69421
9237
76556
98321
99538
16214
42050
94545
74718
58107
80221
63072
8103
1637
59728
30283
1889
65659
35179
72284
57692
82900
28395
49342
41757
4310
52828
77240
93374
39279
36863
82999
27056
58429
12789
85454
10567
36231
51382
13540
12462
41938
18982
95441
54079
75258
23576
59522
38110
23127
85025
24847
2261
28568
26712
76181
52066
90799
91180
87406
96059
30110
16715
4779
60289
86200
58976
82620
15004
4751
53176
3130
78428
28870
52746
62165
93620
58657
27241
41302
78160
88000
19455
88972
66136
59795
31915
70182
13120
48385
25475
29082
40664
51277
98775
68891
28464
11175
91033
99063
32594
64621
5206
36138
5026
9522
96389
39221
84226
83931
45112
9980
89207
25376
64599
34724
92196
18839
42054
2395
90293
18072
4246
91333
49623
2597
45326
24719
21383
43201
50299
24785
64217
27067
14371
87596
39158
45692
3735
29188
81201
30401
52087
26918
96162
34293
21600
47026
17106
12012
81236
31273
980
88770
65121
67874
78828
77710
72592
88545
95993
96771
75715
67960
59745
77106
36489
56850
7395
51127
13520
40010
21082
62983
58265
50911
55977
8646
80930
26588
83880
11784
28715
40465
42241
90614
88625
13855
23699
38971
24815
19190
33481
52459
82898
95634
80077
5410
1607
82783
84936
4526
29637
66382
24917
21449
47692
27720
58880
36348
38979
70922
4355
72967
45984
82555
97596
20833
14429
50943
72404
44237
39890
95406
49175
74375
20677
88255
77281
80956
45018
8580
23260
40020
58960
15681
25755
86246
59868
18162
45022
59620
7308
7017
34931
80988
96405
90866
10931
91834
72318
65035
93230
4860
77246
84352
60357
50084
1362
51523
35974
99218
6478
12197
262
26037
83424
6392
87432
2196
32620
38164
42096
16337
81573
85546
81643
86815
8191
64291
30865
53844
72038
374
90585
2179
32455
73372
54114
36885
79783
37778
26746
80681
50500
94493
58866
96347
31893
40814
28845
44142
22344
84638
43046
93402
63053
70315
79671
84723
51366
1683
82061
54115
28271
50040
66515
42906
61220
95867
30744
63491
73964
88904
32586
13416
45913
35166
62256
1388
55684
99899
71317
17679
55895
16026
81866
7026
67249
97347
2222
15616
1277
75862
51797
59440
13511
30823
16519
24540
23391
93860
71788
22133
31569
63734
38110
79441
24033
83124
22044
13201
52085
84152
99113
57084
36362
24547
91783
68906
53418
54148
66558
46285
4291
35349
33498
57926
31545
6522
45104
8274
2101
65537
94110
22266
4514
32508
68736
98764
76267
11211
15241
52073
68325
52322
10976
37182
18926
3794
94566
8177
1483
24574
33991
66221
43856
97103
76901
28496
82733
98426
816
33591
56257
89311
97046
64917
98117
39255
35015
40101
87734
90020
23228
71784
45782
25300
39245
48256
49178
96792
39340
93233
86849
67615
19666
99737
39651
99739
37544
65892
95956
66733
18025
66259
2011
52340
97574
86146
92686
82026
79828
95849
10369
99681
1266
57894
46989
48601
14169
16461
3132
58414
95838
15855
98924
58933
90140
53456
97395
13434
68961
11236
9043
56559
52525
30129
99234
18929
73927
82399
38992
93491
43455
14035
15694
52745
16092
95480
59562
86811
94051
57580
77953
38546
12338
76396
85970
18611
74959
19810
47705
37548
89991
70598
18426
97942
38504
9285
20558
38724
21239
89175
77844
39369
6175
42174
27972
31602
97557
69572
83361
89543
99705
57097
47107
52884
71545
57929
83579
54026
45562
37706
35820
80642
81629
39629
2570
56730
8222
94301
12684
31844
60973
38024
34628
73279
97227
15467
2162
14183
67065
78063
94802
47941
70073
39065
89207
7440
97844
76474
54218
80678
49845
10847
80138
5258
64220
85050
30884
9622
27416
51674
97423
57910
53600
9973
61567
87162
26961
39911
32078
73076
9055
22200
92115
17647
66377
64
8380
75944
92485
4190
15056
35785
37440
22202
36826
49091
6982
57795
42546
34830
32782
44059
28401
26199
17889
23385
64698
98582
48042
31327
56139
50576
22286
74655
55019
86111
52739
3287
77594
37011
58657
84934
70073
5114
99398
31153
52963
31389
73540
48147
26616
7051
40820
70617
21101
83371
83280
21863
7413
17777
87010
31873
82565
74633
9249
32807
13509
14925
31322
48543
78592
7095
74165
38331
55186
37569
58770
56598
53518
66416
43694
28868
40210
85198
78786
11297
84161
88241
25413
86737
65584
32060
79929
19234
91866
69927
20109
81591
57215
11584
82320
81070
59515
127
94364
86836
75305
85832
77448
81100
17059
53394
78158
88897
62112
96349
32042
86358
52025
71730
78745
26325
63340
9515
38604
28421
62273
47775
99636
84486
22907
32778
15780
65650
58043
14141
69848
83975
4697
57419
36211
90878
4428
98802
19505
49590
23750
1699
3623
81959
17958
30265
41941
85215
36618
12532
14382
28336
28776
93508
63888
36669
94980
60648
64517
63708
45681
17863
5472
15677
9928
79719
96223
18571
95111
72023
51868
56171
91115
13976
75361
55837
17641
87516
22853
29490
3005
7317
14357
14965
36017
60499
96662
78222
67321
908
52440
29252
58614
11922
79219
93480
23535
62754
53061
60583
21932
79927
40864
29276
15885
89872
85228
78642
43160
80159
37244
62678
81685
15578
34591
16049
12517
18698
52873
71919
44619
53539
31899
8588
42787
52613
1926
88201
74548
87966
94146
35438
2668
88363
63019
388
89239
66956
85853
52849
20088
66182
17501
35072
2955
47115
37943
801
35849
28603
16727
367
11952
33196
21609
48446
82686
70423
1857
51299
35498
23363
1262
54705
96762
94173
45914
70069
731
93746
10207
19221
41853
56421
47320
56013
72581
57617
37104
84498
53403
31301
60047
69945
13645
93279
14831
95100
85799
51020
89859
36905
91958
40823
4517
51367
41819
71443
44059
70303
19273
70074
69319
57267
36414
65588
44729
48666
87656
19541
25715
81541
9996
72345
7308
52423
8451
42646
47106
90380
10918
14445
2664
37036
87472
48773
67825
15462
14686
8104
20447
64457
72667
43298
97878
9400
18155
85174
72820
42576
16970
35839
4340
42720
82270
82865
85456
63767
119
63167
73312
32587
20166
19607
86944
50494
80813
69121
37340
58780
68285
19544
80262
22774
6164
15361
26331
96912
27037
21424
55423
63778
86178
41258
22024
96105
2175
13420
11574
85884
97741
46479
85897
44213
92897
3575
78245
85229
6226
18059
18925
15445
17772
47091
51224
12123
6355
5153
23525
97205
11008
52337
91363
39518
69744
46573
12703
54617
89766
54391
81456
70986
38010
62711
15636
92951
26141
35340
65380
77974
49779
76960
86328
76546
40433
65096
5799
87940
40631
32483
78783
55453
58564
60474
29753
14121
180
79344
81224
75390
41246
65463
13648
6710
2593
27714
2258
70398
83113
36827
23969
30212
82593
60324
61162
73226
92716
65015
1070
89386
73481
36883
55440
67923
20361
7126
79028
69700
97699
71697
10540
33159
93152
14865
73412
13225
16241
10148
40275
8840
27207
10604
47020
70274
4991
57406
80303
36359
1821
59124
34296
9817
52123
58282
20809
92321
32509
91229
35934
50739
59658
28876
59426
53740
39631
63002
21826
88566
33897
54247
6441
10473
99806
62343
80564
27888
67333
46479
16665
72796
20148
89078
58459
10585
81116
56231
70781
86820
7315
25797
74410
86315
64813
5156
73382
78778
54613
28962
99214
73614
94880
91096
10152
87048
8929
40006
75663
63453
20379
45416
42061
1399
51807
58008
13293
72722
78059
40844
13808
35177
67242
83054
61782
32407
78389
43571
21515
94904
83517
35102
15428
47629
13833
93164
75495
19575
25506
49812
22875
2211
51137
48276
48283
95883
84075
79026
54844
32645
67875
66601
16724
60697
60816
47377
49840
71623
32886
84387
83386
19126
39786
60269
43275
37076
486
13183
89663
31696
5901
60230
27711
63380
41527
43349
2593
53686
44158
28378
81858
57067
32661
18865
51100
73357
81643
38827
56453
8351
60478
45653
46577
46950
18727
77729
93807
10825
4726
57668
53658
1449
20386
10602
39895
48652
44338
66622
65436
12469
9494
75938
26881
72510
92925
29734
30056
92214
43154
54972
55020
51340
3559
27386
52900
51457
86148
21296
73941
65387
42438
12240
34748
4166
60649
66186
70348
53631
21226
50507
39526
1972
90776
72879
11154
21725
62776
25455
19678
12747
9095
25597
80758
29600
4961
36382
98220
84291
15127
12809
91312
8259
37460
12991
24219
39377
76025
30817
17688
29213
23192
52863
36845
40276
29930
89521
99497
6157
34581
97516
20348
98718
67032
34774
73433
29550
21590
70876
73474
27070
44088
95878
72499
48049
68886
74346
65105
83514
95894
20760
81445
48541
86326
43863
35155
89386
97795
23072
78179
10686
19839
88823
50298
58584
21357
84803
53090
57196
69899
40119
4864
21898
19082
79480
62405
70389
97438
26870
25357
47673
36444
34574
64937
46983
77145
60237
13034
49832
32
24405
64231
52864
84704
12807
18648
80278
62869
21346
51512
60026
56055
83317
52314
79184
56653
77052
36061
6720
96099
43719
62005
32669
58738
31009
20063
10780
82270
22680
47926
95385
18002
59418
8928
75059
86053
67467
25185
22460
1549
57382
43256
82271
98006
11965
82869
30909
21634
7597
29852
24019
11070
49816
62988
25812
59415
71034
56924
61489
23194
85950
70860
30388
50799
89815
5220
4034
43705
2896
98422
22938
83239
20673
54817
85708
80444
14239
12423
29432
67070
47155
13180
41440
5586
62692
30051
43805
70011
29411
57233
88205
23050
49931
6172
35048
65072
33777
78326
3691
17013
33622
54511
22164
14891
433
71493
94085
39074
80660
76108
67559
91524
69063
6850
10067
34469
43959
24687
79864
29478
55348
78956
73951
81418
2663
30373
32517
29480
44858
24310
59521
86420
97279
61736
84585
17267
95389
33099
66904
86222
34541
27097
47794
21273
62086
47053
11686
96072
79465
60665
1313
18412
78766
58671
91074
41831
20713
4479
59206
47940
17470
32989
84664
25605
55503
63217
41185
71508
19970
7461
35330
78128
61348
71705
53708
33187
48661
86089
57318
47408
867
14889
88766
96587
93939
71413
21275
74865
72342
16289
95874
31899
5760
32442
40327
61412
55250
69130
87663
72366
96277
38214
27849
13696
93756
26481
6396
12117
41183
60210
11517
56494
13606
62850
86963
67882
21615
24411
84132
76750
75727
21625
26184
65743
57348
90286
31396
79033
43141
53555
83560
76476
26763
45394
18498
29822
65860
89787
95789
77378
45602
68036
79017
44011
54977
68325
45523
14791
10107
34832
86667
19394
90914
4740
3320
11121
64821
93358
49997
69379
69093
67631
62510
43700
38850
77023
3422
49869
78431
69607
56987
99649
41193
15308
96844
19253
17032
28689
9408
63665
91985
30624
30436
45630
3567
74732
40678
30950
31558
70676
76947
39083
41418
43354
82362
81489
26115
47022
1873
83241
4653
97685
28488
36828
55460
42715
11895
85487
33942
74300
97304
22544
73354
47386
66695
62454
94431
35177
55936
87092
53265
51483
97479
48324
83305
94161
50984
75559
32463
62139
13197
78388
26144
4121
53498
78114
44670
87122
90623
6547
79502
89239
61675
68057
19750
32968
22036
69495
6898
16885
38803
17117
48678
26118
39201
52156
41817
98720
92094
71614
45685
3024
58912
58705
57837
75374
478
35618
26145
29759
95475
50319
17901
1372
18293
55593
9263
48330
54129
77552
23041
84875
88340
98470
37551
95492
15291
86449
56798
28223
7131
77549
35896
22036
96329
99803
40753
83830
34490
93194
14304
86630
14192
34251
48715
34387
38325
11990
78961
11553
45082
84510
63066
52040
94431
90620
76145
38030
34595
46465
37349
53482
31549
78044
693
17882
79797
86576
15132
48428
42427
4867
74681
12992
48903
30444
99884
58064
12465
73268
50165
14668
80843
46423
76156
60888
22764
3291
56828
91474
90499
21185
49607
20307
231
40796
79276
27184
43818
42477
26186
93816
46538
51757
90895
41967
80756
9857
66412
63842
666
59166
96710
84063
53533
7325
86914
11171
59970
18845
74408
91799
56747
16808
36677
91843
28923
24720
47937
79472
87836
60780
16527
72498
24144
27212
14523
92107
87302
36489
8694
47900
94024
22697
72327
12178
82258
16863
48692
90165
78568
67971
6502
79350
84019
27127
5839
34610
66824
91923
53344
13973
45648
14836
9003
5168
83413
354
70810
22512
81725
19594
12427
83263
28500
15149
73719
73117
42340
22781
73446
76700
61858
7514
59669
17906
66026
31858
89000
82906
30486
66541
45736
97193
74109
98700
22963
73042
72525
72289
69239
62220
99860
95709
11631
15765
50380
29366
90091
9549
81975
81641
794
97892
3798
51836
31683
11045
31977
2671
33739
98274
66778
72267
72930
41825
59353
10964
64586
79553
21083
57360
19769
97630
72863
19392
44973
55888
74723
94953
44775
80745
42568
84518
78180
12457
69373
110
30093
28772
7619
39846
18608
3865
12395
97197
41297
46613
85408
31749
53213
64590
987
52080
68597
78849
99852
38594
33216
25670
28398
85920
3538
64659
52520
35007
9796
49779
67347
98337
56671
90761
17750
9615
12543
96086
37325
53563
3250
31935
22628
12004
31967
70574
23551
60521
22642
40590
43569
47818
5570
40883
11901
77392
16006
2827
86491
77730
54917
3583
82899
89348
96072
27196
5567
68388
39076
63283
73101
54191
53375
3707
78650
92109
96224
50671
59226
21371
22834
65601
30146
48662
46131
39093
70240
65750
21977
22637
45095
31233
26863
22608
4873
42970
62454
19796
88737
71101
49422
6478
69681
63122
39453
60077
30549
94542
16122
53694
15927
93759
66289
94860
72483
45684
17591
27936
88155
9527
62084
28262
12368
25616
60088
87662
14593
98867
75060
51043
16444
52028
72592
36360
53444
92767
98761
81665
14526
50060
49426
41837
85236
97208
10199
99889
82405
57079
81757
59795
16524
11583
34667
25949
87079
44441
21162
94646
33258
330
6928
12101
73606
14252
99350
28161
15921
83521
98231
62596
47252
43597
9073
40963
92625
77169
93402
55987
32045
39891
31484
91215
78282
28799
61862
40419
91443
85668
40354
29151
57659
280
10959
73963
97211
3856
54073
89774
63225
16746
74823
63698
14915
26313
34495
11548
62054
9758
82022
32284
88202
60834
17645
32285
84917
55547
57245
45831
41113
62489
26291
49628
98325
11103
34019
79282
55651
94795
35633
8590
37790
55825
90576
59674
91409
69815
87085
84804
82109
73430
95387
86997
82352
23272
67706
42495
53026
12343
81791
9160
6464
69234
54835
30762
25007
19281
3590
84273
77123
30441
7331
73850
37247
92300
952
92412
64548
91989
65942
5428
25434
11414
49826
79725
38710
36606
9995
62670
25032
73981
33940
86269
97112
90382
79471
74428
13277
46475
10339
38068
3127
16261
77804
482
22532
37325
84153
78592
1948
58060
34096
54833
12503
32675
711
55195
73839
82968
4376
38224
45969
4549
26403
89010
2546
26960
97573
42233
27994
87583
5507
10086
92420
43081
82642
37785
79590
26315
80559
35217
81651
10430
91124
26076
40241
52043
15834
95362
26460
4120
21375
42432
61035
45458
97764
85717
23020
99961
80349
75358
71464
90515
97667
47903
47797
90115
4118
10233
65695
35598
84457
64254
57060
95185
81308
57593
14813
45240
55269
33631
46003
42744
70584
96010
67171
81005
89699
56329
45889
88074
64306
97867
99770
16434
37408
31240
44593
42814
29525
95479
60974
42790
270
44120
81035
30394
60837
16802
63119
10908
82
19566
20414
81660
3341
84498
99437
70661
64380
3078
39110
62084
37980
83735
6382
51079
62865
77138
68548
41990
46315
58436
37382
58742
19751
81369
18332
55248
98266
76019
95795
74581
57155
3526
35543
45499
53842
31249
6753
59033
23648
16640
88280
29077
43542
36750
46290
78103
57448
56151
82153
72998
27728
78392
2649
82406
63394
16383
87803
15739
11018
99562
44102
14535
88188
82908
43283
24036
88339
15133
15874
37533
78129
52474
35967
21575
83017
83944
69162
36632
92217
60702
62709
22382
8161
87436
81339
62869
56309
25959
62908
16807
26851
36926
70574
53712
16484
63400
85600
76693
96105
51488
26077
23184
12051
93471
54491
13550
49778
86532
22855
61436
90401
44816
31892
32078
57700
5566
4739
29216
89624
6689
84619
27124
42645
18141
22417
94958
41004
64074
19710
22885
20960
97501
83148
13471
62978
43739
69847
37786
10685
4943
45155
37912
66327
7030
60968
66347
33642
59212
68458
30113
74623
65525
82189
5887
50190
92477
75660
19080
16208
8722
23142
75575
38801
74474
1016
53274
74885
21004
15172
10085
4703
84215
58452
85125
64224
30412
26749
70204
39804
37418
5214
12645
43308
2588
48337
42657
72409
53080
62750
17152
60447
32760
97910
84377
60139
53437
22517
64676
66428
12525
8659
82039
33597
98071
36931
97769
54314
78700
47915
10280
5567
28824
34263
28111
87250
14591
81580
15644
76448
86468
73535
48005
30065
79185
69369
25595
51871
45264
62925
67825
32876
785
24760
2367
9858
58657
6472
82735
76027
12715
86395
63457
46736
62299
62137
862
13143
43380
21749
92371
80984
75204
12089
71618
83426
79019
382
31413
9573
67847
33329
21703
78348
58304
43952
54842
15287
30858
48353
53644
96597
58402
61625
40634
24719
35478
70398
26963
25720
26663
88271
41270
30362
69935
20932
38124
54077
92874
21309
80721
77322
80805
33247
89623
32487
58630
29172
5519
65654
62927
18263
24095
43297
17089
6779
74007
90692
60686
97801
6136
13205
11237
40024
90940
57326
93954
94044
56854
98673
35754
18887
51249
6553
66825
9816
4666
66361
75864
4592
68128
89338
43681
92800
53699
54565
25568
14264
95780
76937
64913
6122
4278
36640
1891
50696
21623
58020
4879
16571
32197
89390
56285
12579
2547
21224
53837
3071
51652
12287
78678
26308
84875
69172
38653
9894
74902
67479
80645
13225
77154
22857
4132
32632
54148
30507
11503
10443
64356
7689
57518
70038
62421
92820
10755
26331
42725
37901
96866
90532
78446
64482
80418
81982
30684
68024
10301
91593
58077
85883
85988
68868
87254
56855
72593
17263
34490
37051
23749
33923
21296
86651
38134
44310
80121
56886
28261
4405
68829
14214
29024
91613
99905
48038
12511
89871
61919
22565
70917
70787
97384
13766
30051
32349
26571
64519
33770
67741
12698
99679
86768
5330
9252
15996
36932
58699
99638
26803
18994
27324
14158
61123
79931
58259
23745
5218
28628
51709
54586
47145
1789
37187
56294
71904
330
74735
49586
96235
72319
7050
48713
52406
29851
2678
10650
14781
468
35481
26351
94879
72544
92496
9985
92784
44425
76131
71946
7779
57380
12398
61432
49549
35732
13912
50285
20341
62908
87008
20640
61177
62049
87453
55890
74831
13280
39569
40065
11024
31404
85417
35287
85747
23884
9982
61724
82806
73101
7319
67972
1520
74856
59509
15425
12642
22249
74101
19862
52597
85066
34288
53724
35377
70451
50060
25734
38875
84612
37146
96614
27587
99830
47979
70481
21795
57968
54143
17795
29867
39947
28152
79852
30991
33139
68613
11778
4388
22356
58337
86441
60038
88181
14475
49557
99264
34549
89590
24302
26034
63893
79486
48539
38044
84763
33950
19026
14189
63321
87249
1042
13952
93220
2687
69010
10868
5129
53319
59730
24287
850
62713
43245
84539
2418
61680
56171
95810
68520
11146
58053
70996
26812
83550
14368
85573
81442
8057
82879
15580
80445
18563
35294
15081
13942
74847
34268
47548
41972
74773
50601
87485
16570
69163
40442
36642
23713
11900
40376
59072
65392
8834
47282
29170
83558
74396
36576
47621
89570
14960
53806
75538
72958
22209
20714
63979
19793
32533
41337
52238
49444
91559
10867
20995
41328
4113
39597
55856
42197
11392
81753
45207
18585
14933
1901
84805
73709
81455
27708
60270
84826
90442
37768
53664
54754
30755
86288
11693
82406
64604
57099
56423
69501
14962
7956
65391
13663
29559
44487
75384
69878
53353
10386
73789
55042
24329
90854
80406
2364
95021
87447
1711
34709
98898
49339
59903
72490
88091
99082
51777
6725
43351
9252
30340
5113
21224
9318
40610
11154
40568
21620
41536
22958
46950
48963
87549
30895
58314
84967
51863
79330
73842
30714
4347
53880
10602
46744
28061
24893
81671
45696
18574
51445
37107
65364
64271
80454
33626
12554
80037
66460
47116
65677
6079
68319
47472
23236
95330
26668
19031
87729
16802
91569
49154
45102
50048
85670
82907
63567
24746
34000
61554
62890
18444
20894
36322
17765
20221
13515
14182
63961
41132
47062
26206
11688
89741
55002
71943
40696
98252
778
70677
51237
78195
85799
44519
79423
90915
26301
28749
61442
118
74214
24418
88770
51982
27486
31471
1926
86530
67272
46674
19458
51224
31722
51195
10059
84304
98595
93059
94696
47131
81660
38287
87980
41641
66141
25978
34223
28965
82112
29526
36905
55468
37511
41935
76647
12864
52753
14120
65735
50962
41368
79906
16988
88000
9073
81273
61293
51423
44685
18321
17944
9798
62956
6934
53704
95101
38683
31895
87137
46295
54972
42774
38581
64008
18942
89968
68487
4005
23156
87061
1970
32048
5967
98337
45502
37141
36062
60060
37769
40870
18294
32877
23810
36957
11076
15436
35235
91210
59484
74454
93681
20059
62443
16549
35153
2938
7225
77776
16862
16679
32109
69960
2094
5371
27503
88528
63243
83312
43076
86568
93160
78402
83930
93480
60564
59955
34455
47994
15357
67312
76775
91915
82001
33916
78484
21671
85751
97642
77233
32838
5498
13589
30442
74980
53400
75534
13237
44062
67112
45571
75215
74516
48731
79376
72085
95112
90671
17631
75295
86490
50383
92594
58041
64340
19270
62213
99331
34205
19755
99334
66406
48225
74912
78498
34348
83671
96109
96824
16975
66664
6794
84339
55624
40859
84984
96611
84067
19595
60121
64747
6108
18267
38875
42699
60806
27607
35572
55951
85258
72680
50129
3515
83598
11550
8660
29993
37266
3172
72985
42704
46238
31005
25762
15487
99641
45748
33459
63105
72344
84382
89826
8089
81051
93853
39397
13528
64493
99781
43588
88296
13982
64764
33554
47330
67940
58511
21736
7573
66316
28148
77783
50601
38903
21795
57690
85236
60478
93107
34342
34785
67518
37034
94593
91370
52474
97682
53835
61805
92145
7368
3318
67216
43361
41850
10245
29692
36959
40971
55421
98332
78799
66039
57140
16638
26593
89064
67224
3930
61337
30914
32817
31300
90748
67337
88597
92596
71334
14515
74399
81713
85806
5124
30902
36583
31904
45208
13356
83404
51958
41457
37209
63918
16352
21401
928
84185
59051
12394
51932
59916
19666
14337
83087
68551
68716
42849
9497
21888
8106
84931
82784
78575
63894
40601
49369
59104
50919
74327
41004
54874
6529
73514
49706
48998
32450
87722
52035
93911
18319
24113
1238
48254
36078
52592
7013
67771
16936
64329
74524
25691
79012
84359
70225
54556
5243
51866
9489
44236
85641
10119
78435
58465
47409
60341
84865
37881
30197
55941
81967
18603
67817
42179
91743
47585
36347
95287
76749
32037
87281
17013
71359
53798
11117
9301
69051
60954
18513
83270
35886
84223
8009
39044
54282
80227
10735
23160
83199
77835
46197
91611
9408
36206
65922
44842
16310
15098
94405
78561
17808
7016
84274
82027
53973
76824
43390
46430
27251
70060
2048
46342
79344
69928
21907
67583
96096
27980
51633
3197
20549
55185
30381
44358
34445
85282
84324
79665
11698
77693
82919
34311
31347
12676
77739
43893
52299
15687
96665
14950
65320
65074
91540
54147
45418
99612
30259
20998
36534
37181
86873
17122
14409
22896
80738
81340
28450
87721
86564
5047
63310
45341
95842
64785
26495
36270
90804
34379
35644
82033
63500
85926
68246
5489
55084
5083
12612
51685
67595
81693
13116
72004
48867
58007
63410
88356
90919
68940
79302
6372
65065
54907
571
19557
12204
81732
43761
41952
26826
63100
69218
82323
12289
84825
31305
95514
96191
44067
36993
66500
6801
92163
83500
85406
81201
91077
44581
24155
78402
19744
39007
57365
38590
60552
46070
49542
14171
91636
87234
77653
34348
89066
79361
85152
19920
58335
81830
97315
97741
89997
34822
22828
74750
27342
89508
22200
77870
52909
9316
71966
23038
24974
13256
45251
16964
86601
40293
63995
12533
91568
9825
94403
32285
80931
39511
16199
30925
26144
75655
24009
11653
50633
45889
45542
1334
75560
41322
30347
54679
40411
96116
14737
3619
68859
66187
5534
91730
73962
82272
52072
18098
68600
9232
65079
63304
81498
31666
79934
33050
62352
47861
16545
75770
9825
41033
59363
52024
99330
97791
79942
50735
69693
91151
94129
22878
98026
68182
93707
99101
14013
94236
23351
84773
63543
66347
96714
40347
14099
72140
40555
7602
89923
61444
29305
45094
1844
2094
72096
15467
41722
79609
1836
83990
93511
60884
96618
35888
8509
34528
69141
49807
81253
96194
94317
30417
92740
44112
5448
85420
87963
22320
77633
98021
66644
39972
46156
22732
38144
61358
4468
50520
9222
43713
96413
78217
53785
18092
55792
4241
2738
28671
20722
11258
43404
37036
2856
97417
9265
7455
82230
5485
17279
26269
35023
50134
42081
16124
53507
83735
40205
48675
31075
81137
41315
98602
94343
67169
27668
72441
21844
44289
26740
92908
43402
31809
92230
74501
60426
8571
82140
44220
6370
22310
50247
17506
71703
12555
64154
88736
88979
59234
21573
13963
26092
30148
15381
13383
25575
84645
25858
16831
5708
7615
22472
80246
93534
48877
26202
89496
80211
42773
28412
88775
24722
35159
99793
85994
3265
54480
48640
71118
95025
787
7571
85314
83464
16125
92069
4224
68869
11026
75770
1097
41825
33030
68005
34949
4408
8733
32570
40891
77612
16853
47147
84848
27046
17092
3371
98879
89665
15983
25962
27584
79284
66458
99666
68763
1265
85376
71705
29065
37387
60316
11724
21450
39321
28825
92730
10374
40257
20797
97043
57426
83885
49487
5446
63478
21270
75382
72786
31153
47780
59366
8852
2744
1885
5793
40513
10599
78148
51428
68048
50918
31245
15690
42782
11035
22224
2893
53207
86472
58004
58180
81895
90503
21134
15697
28973
51989
67280
96139
55103
98693
51106
89016
35330
93623
64746
97710
79962
24457
39533
56298
69701
57374
6
35495
54422
5532
15142
297
41859
5444
57432
14066
52267
42392
9636
52748
74337
83916
46597
8652
48598
26860
36754
41770
17514
34661
3238
66703
39486
60751
17083
84321
66718
55846
15351
76140
95198
59205
77774
64807
13170
43973
18355
78243
90912
63460
57361
64927
23695
42616
29307
31
51244
12928
2834
67206
695
68527
26165
52014
57726
47131
1743
25889
48568
77613
53090
59002
12086
54739
52907
6650
83790
1483
61077
29947
31515
55265
63129
24583
3829
16861
74551
44380
71058
19248
39445
57486
56716
48363
8586
62129
28557
2347
74926
65511
67054
92855
78276
53310
24223
52201
56413
31040
17849
50219
38554
40464
96849
60872
72734
72721
81181
11363
60994
77301
74675
75581
40519
87017
69270
61605
15857
10859
13789
3071
87328
64833
88023
13064
10133
78607
49354
79017
94731
78464
37527
9768
12407
42472
82629
76040
83847
12542
59907
27434
98534
64678
42439
92095
35470
44234
3769
68001
94497
70343
92363
12129
28732
15089
444
25934
52681
30380
61044
6141
26360
26941
69915
1347
48338
78652
64935
4009
76267
53058
26855
19786
3684
31551
32064
23677
58917
50598
86841
55997
68532
69022
29559
26827
54273
27742
61479
23988
92045
99355
68340
47991
87859
94447
91310
66252
12425
58966
7645
30451
71387
72875
43774
24426
18358
44698
34459
81941
72777
71624
91058
38857
87125
41142
86860
12492
33647
29833
90294
62740
65280
36706
6635
59817
64308
14471
1605
69091
10853
23760
21765
61912
4510
82270
88407
50007
14514
82567
67233
33891
58534
57853
84678
45915
53559
21854
42122
92579
34000
81560
75646
40326
15513
54872
82949
6164
40279
27881
26088
36912
13970
62061
4331
15003
53396
31086
14828
333
79389
63900
86384
96626
71327
20625
40210
34644
5016
63493
26068
54700
44148
23181
31055
78212
69093
4527
77719
42186
95817
8447
70008
9283
22741
85911
76100
51601
72466
52475
31819
20360
7354
49269
78520
91195
74963
16833
66808
60294
36882
71098
67621
58376
87387
41584
5223
65168
1851
58666
10055
2138
58330
25171
22762
86117
44304
34415
21754
34477
60986
4181
90743
36862
81956
57922
43196
90546
94502
59312
90461
88187
75334
2026
98753
44604
52427
2456
90000
37267
8494
34557
66036
35673
20801
63095
30024
48806
57369
14447
9973
27015
26510
34301
48378
74118
40862
66077
21375
52966
58779
95458
79994
99101
59916
3424
96210
20152
40708
5657
39445
83626
14432
11682
96095
62314
20653
50599
42940
58394
65551
90839
11335
44267
37295
87631
90027
9511
3168
88018
55075
50437
27569
70469
65340
51548
80853
2056
1996
76231
72002
96860
59050
72162
52596
66214
20496
27655
21238
50624
48457
91381
2215
67091
5314
40354
77126
30099
55466
39475
31713
21396
58750
59396
82357
59970
58934
35181
35721
8131
55709
19155
57752
11507
41669
62299
98128
33000
41570
15932
97578
45915
86024
54731
69500
64538
40968
48935
47874
2655
60666
52600
49666
77315
47092
138
72502
48241
56736
80372
76482
53804
55934
45755
51424
12109
90775
51460
20128
36469
80044
83481
27277
91488
28367
11423
25706
19039
4778
89407
36248
48333
66729
36508
39489
30362
86765
91149
51656
45677
30171
3642
77207
69363
2
84492
13372
86167
38296
43750
77952
92507
62921
12385
35761
6444
1128
52468
65698
99704
5815
25419
39508
59662
49951
65467
48991
59279
48760
8897
91504
16209
45781
90042
24994
27396
68478
19507
77762
66208
86086
96107
33831
93415
4215
33192
70046
68409
58172
73044
84536
37102
6502
23038
56520
58329
5634
50328
33312
38679
64020
74360
56208
80614
19939
72916
17012
75401
66895
45871
93138
56115
57218
8585
22638
78398
6054
53123
3257
97700
82333
96233
26903
93151
71926
95771
53646
23930
23730
49083
4272
44733
82093
50038
82055
15167
36159
95985
10775
93918
34530
95139
61031
60720
63877
37422
5630
9594
6149
88483
57781
81767
14217
20224
22898
77237
54183
45787
8895
24190
18834
30357
20635
24062
65878
27673
50808
50207
39904
15496
11002
67252
76069
39287
13035
26912
68071
7898
65200
14996
67821
460
58902
472
15259
987
59340
50437
16370
15206
41453
56173
52221
61844
88392
50906
34628
59430
63470
3925
86528
35230
10411
13743
8256
53670
72656
70581
38950
64275
80850
71791
56649
4847
62784
42198
2771
62912
31728
78495
56543
11161
64707
42043
15983
37610
74636
35237
39634
70107
97613
23161
54954
78983
20576
62310
76213
46662
29844
21356
78592
17685
75605
27735
38346
73053
24459
85494
17216
81508
71425
23182
74531
50685
19147
31802
2031
75784
436
56721
54229
22447
16070
27543
77940
78779
67531
51799
51421
72613
69529
35484
70676
33508
54912
10355
91072
35641
31994
76041
91089
9952
19176
82055
16455
86548
8982
58002
44968
71311
91021
26801
60394
89299
16286
13749
4877
92719
63139
30340
78512
23418
74387
59754
83698
28845
59401
55197
1448
27687
87605
55849
63109
18285
71730
29063
6288
56762
72548
20055
53065
88439
45733
95988
90011
62324
36984
5838
74980
38024
38868
78312
21192
53745
34193
93363
73957
18806
25619
25859
55170
75386
60103
66199
78267
41427
49771
88266
99343
74360
24579
68977
72921
43020
83374
19382
24395
76132
80200
47393
78403
6608
65309
35182
53632
44560
22210
10315
16743
33167
4784
45402
74658
539
83775
94045
79251
26029
5028
29082
44030
49494
18742
36309
29827
2957
91856
14346
544
99633
40
14779
32960
41297
62000
28943
81715
95975
89105
93947
58611
66195
7893
32904
50961
4987
21296
3796
65531
87256
39125
53312
13783
52444
49199
90275
50652
6713
1605
70444
23632
85422
20184
31442
87659
59466
5655
49318
63011
86023
98369
68487
34474
57805
91174
39596
48225
11684
79910
52321
78076
30046
85656
90427
55580
98712
11277
38230
86152
37129
49139
49091
16264
60819
5643
24895
5896
27356
51585
29126
62425
40797
4638
98076
47476
92217
80992
23876
10412
33784
87608
59794
21310
91019
84748
37356
33540
21188
22624
10926
15228
58145
19853
83100
14404
18410
44225
81148
60652
96549
29679
33862
58998
24471
31284
82717
45083
28165
91554
72896
73809
57962
68582
53872
38383
41460
74648
85715
7678
24188
2141
25455
44855
89892
3528
11982
30892
1552
34456
69225
31405
31288
95883
61726
55382
69162
21791
98130
90108
5427
97333
31248
97978
3152
61509
73606
62586
39546
62167
29909
10758
21386
80492
14126
52438
63039
87526
89790
49575
15671
91989
31510
85943
73148
61724
27621
77689
18072
54787
35212
39502
82689
79881
2537
9763
84714
74307
12567
39325
31278
28058
12500
95786
13227
1391
99022
6901
32773
58187
1068
49327
79541
30276
37309
34419
93925
47602
63592
61423
90022
16821
30751
23109
72224
5266
2356
72921
12124
31995
96682
4371
59681
15357
90750
81244
49373
23293
76406
87538
86542
13323
66807
35054
65522
92841
20633
78439
69419
6718
47021
47351
40183
67024
65608
6544
16712
90055
41790
19986
7859
40505
72422
69786
58909
80896
77153
3280
22159
78178
64518
21812
73590
26462
26074
41035
67931
11225
25553
3228
41627
68402
70628
70540
47596
1949
31545
25649
99065
52591
23143
31231
84157
19048
54825
58826
98345
69229
28290
22318
53111
71573
54185
91852
44090
80942
72740
77819
30088
95754
61194
5085
29869
48799
77519
58621
73666
45711
49991
24185
40207
13451
69484
33956
14684
58284
81912
48960
19379
74255
50560
43531
64646
92337
20485
8410
37749
17254
3187
75640
31614
32687
31360
6788
35207
63346
69152
31896
57076
61120
66642
82838
49102
76167
56083
99533
62255
36961
53046
82848
5463
48315
84743
62735
47385
88564
38832
91623
99024
94694
69393
66812
56787
32180
40050
8848
54159
74066
38987
81166
44470
83714
57995
16423
65685
89200
62297
52736
41014
90725
67040
7368
80863
69557
67910
80726
60916
40130
66641
98755
65941
33708
32958
9644
59256
8133
83128
45315
63015
49266
99048
57983
89379
7684
48743
42795
44147
11881
83897
8488
90592
31692
86665
95375
5774
67935
56329
16877
59178
88535
58995
92965
36625
63586
67187
6899
64661
28289
22446
25235
4814
16671
11215
7280
60614
74315
96721
37179
76412
52116
797
20056
34834
3994
65430
78477
80965
15830
71129
75296
60270
39003
55999
9900
63752
56074
98865
12640
19482
74719
44614
88483
50219
65483
91825
64619
66391
25931
74101
89207
92846
12246
112
25975
54464
24138
78904
58058
36616
880
7078
36430
8405
41284
56752
38335
37556
71998
1404
50644
64540
36857
75060
81840
69977
86574
74096
99217
12467
79336
18045
22103
94977
20503
41738
48686
50374
79220
54302
98211
12811
22590
48528
97994
70460
44942
46350
49038
56190
1977
31933
98869
92659
58464
42188
31219
27926
71529
44404
80658
48439
75680
57359
18990
47443
74538
18882
97073
6916
363
84001
3276
57947
44196
7750
3297
51443
17737
13628
74751
70383
92005
98729
70009
60456
50396
71799
46069
190
57928
40783
49504
99879
73136
4690
24072
73339
14092
99840
43136
86799
76056
38913
74631
66575
90655
40357
85951
51826
49346
44899
62163
93491
33416
59981
77883
92952
23958
79203
53179
21743
61540
56119
32468
38557
11975
68907
93472
5206
8117
7564
87552
41726
83198
34399
59625
90477
25551
96435
99816
94615
52694
58146
93791
4466
9911
43571
54634
95825
4301
56360
96103
95318
83419
84998
52977
41802
9593
26165
88136
95467
37762
40548
63316
10030
66806
82763
18384
86250
43986
15693
4929
95260
89799
80170
11364
17190
51008
71242
12138
37710
24648
99966
92368
8522
84896
14653
25382
63300
45216
98051
16448
38881
38854
36996
12504
62816
82794
63953
94243
99533
5132
2203
67013
58657
83825
9709
6029
11098
61284
67582
7697
67375
88276
37236
80260
83935
71344
69335
12259
47934
24509
12655
457
82319
29727
63395
50058
79707
57967
9306
48363
12367
1307
40103
39339
52280
91017
82208
75768
80708
77103
44160
4554
35235
15989
66131
93763
67571
97201
57256
48017
98692
42482
97497
77491
16224
37621
71274
21692
87971
64688
72104
53377
75406
5198
59607
14720
1977
28824
28197
28259
61405
85376
34679
60640
62651
43707
12577
65500
8207
30703
64766
8984
89716
86242
71660
7865
99574
6110
82313
45856
4018
93501
19306
36229
69569
33154
30970
5604
2663
4555
51721
43537
28183
63693
57381
10461
19647
31802
22256
46034
56403
50848
16118
8467
2880
64041
66514
76343
67135
38045
18809
93619
45860
81367
57883
16503
45603
64781
18118
95985
20459
68966
56597
53879
11396
48631
75517
37944
80286
80046
61211
8286
14586
85706
83696
79534
77182
10563
56175
19459
96360
31143
21878
79728
19448
75070
5580
35775
21685
21979
77015
33658
78461
10380
61381
65936
30252
18734
77101
92537
20001
14846
41226
38538
12702
30611
81296
11028
3265
71364
68112
83451
70999
47436
67149
87929
87480
73610
63982
71615
20645
57379
27672
44160
46584
98260
8481
608
71892
15110
31216
76556
25920
86921
61311
25226
73568
25592
9106
22058
48756
94662
17086
57769
64906
24134
33964
76793
33221
78410
3786
65122
8332
28575
33051
3833
20524
81892
67164
84582
54167
55920
10159
31233
13526
1943
8366
53602
15726
2059
17599
31440
11100
37809
95635
27350
99733
37957
5649
80976
48503
65443
76575
94183
69271
44164
16216
27139
52120
61258
897
14953
95926
28144
59068
66319
72112
25288
31255
84139
54720
60725
49587
12279
88517
48527
32115
48837
41244
76475
78439
90939
22908
38154
43840
79869
92790
99284
27253
53113
12882
50884
34135
26211
27180
24448
80653
33624
97400
34387
89380
58959
32832
77446
28071
47455
59491
46484
57082
27970
30352
60377
37481
31273
14543
14258
38189
84593
63371
32376
2797
98718
22724
19111
24761
51602
2250
67416
53497
97119
26564
50773
64045
67859
60772
80261
32118
39097
23219
23305
14682
59187
69061
69789
15098
23300
50453
47289
17644
96548
13107
7156
36536
55056
15405
18300
12545
46046
22928
67605
6047
33125
8932
69191
7967
99
82876
95301
55942
76180
51262
97589
40773
15044
48118
43580
37904
17754
24972
41827
24288
12614
33065
2362
97423
39463
9667
72098
60917
37883
23032
88080
34070
52054
85825
70143
40316
5751
21232
62672
89954
41505
27815
36846
34293
26224
42425
24554
82194
36573
13792
14875
31609
65190
60151
43072
19789
21356
73527
5131
51533
43903
47441
33441
2117
1272
5713
15928
11146
6243
94468
39804
2950
35413
28398
9381
58592
70874
66827
40897
70110
12088
95653
18097
94746
39376
75802
3022
96258
56554
24106
91559
43564
54794
78180
24675
69168
44828
76456
39276
43434
60777
71487
3681
81093
98808
30630
27702
23347
21415
60922
50930
67042
36407
29493
774
15513
85509
27246
67628
99145
13627
83696
24143
17594
97321
58833
54937
23176
23966
30930
13062
98708
71129
12717
29728
75118
63856
3372
69108
81128
39307
77988
18285
52561
59500
95412
85494
57966
17344
81745
21420
60115
97806
26425
66574
39415
76473
12823
94239
73430
24922
78794
30664
92353
56188
4517
10462
15049
31305
78297
97895
98896
5900
26846
14076
24825
47573
53915
15408
5779
7778
85269
49770
81854
94316
81674
38722
75058
71083
43390
23012
7188
24243
35562
50938
65428
55300
22386
8916
33216
83486
13744
89796
60987
62148
72872
16029
36284
78708
65920
33498
44509
95540
75979
11714
45879
99929
56969
93452
14893
78550
28480
60618
97781
15563
77835
24245
87682
26724
61976
44687
30179
37365
22779
27257
75832
26071
70748
70467
49269
231
62586
75142
18967
82437
27084
31779
72561
39241
34466
98368
15314
58032
25260
9537
39637
98842
13881
36947
91104
6210
25080
46802
71433
32578
57726
47842
77734
95413
3785
63499
22503
30112
3527
808
61732
81822
26041
5933
77075
24024
98885
46199
72401
88087
90560
95700
3893
14549
22879
65992
20728
19122
28835
42534
25839
74720
12541
31822
51580
40369
17707
80655
29227
17951
20473
35731
45880
94743
65129
27501
9659
74729
54090
97535
386
12336
41696
4122
52967
62199
56644
43159
17093
67858
21368
19660
40782
2197
17982
92244
25142
92583
1142
35480
86867
4463
9836
61248
62170
3429
76130
